--- ELITES ---	
1	3716,592	
2	3655,712	
3	3518,128	
4	3337,792	
5	3337,792	
6	3337,792	
7	3337,792	
8	3281,424	
9	3281,424	
10	3281,424	
11	3281,424	
12	3149,68	
13	3093,072	
14	3093,072	
15	3093,072	
16	3063,792	
17	3056,976	
18	3028,608	
19	2943,856	
20	2906,464	
21	2906,464	
22	2895,984	
23	2887,536	
24	2885,2	
25	2885,2	
26	2885,2	
27	2885,2	
28	2885,2	
29	2885,2	
30	2885,2	
31	2885,2	
32	2885,2	
33	2875,04	
34	2859,04	
35	2844,864	
36	2795,552	
37	2795,552	
38	2788,992	
39	2788,992	
40	2788,992	
41	2739,168	
42	2738,688	
43	2738,688	
44	2738,688	
45	2738,688	
46	2738,688	
47	2738,688	
48	2738,688	
49	2738,24	
50	2738,24	
51	2738,048	
52	2731,488	
53	2689,376	
54	2687,968	
55	2687,968	
56	2687,968	
57	2668,864	
58	2668,864	
59	2666,544	
60	2666,48	
61	2655,52	
62	2655,52	
63	2651,856	
64	2651,856	
65	2645,808	
66	2645,808	
67	2645,808	
68	2643,52	
69	2643,52	
70	2643,52	
71	2643,52	
72	2643,52	
73	2643,52	
74	2643,52	
75	2643,52	
76	2643,52	
77	2643,52	
78	2639,872	
79	2631,616	
80	2631,616	
81	2631,616	
82	2631,616	
83	2631,616	
84	2631,616	
85	2631,616	
86	2631,616	
87	2631,504	
88	2630,208	
89	2626,256	
90	2626,256	
91	2626,256	
92	2626,256	
93	2623,728	
94	2623,728	
95	2623,376	
96	2620,672	
97	2620,672	
98	2620,672	
99	2620,672	
100	2620,672	
--- Max Fitness ---	
3716,592	
--- Avg Fitness ---	
1051,939104	
--- ELITES ---	
1	5593,808	
2	3716,592	
3	3716,592	
4	3691,52	
5	3655,712	
6	3655,712	
7	3518,128	
8	3403,056	
9	3357,568	
10	3357,568	
11	3337,792	
12	3337,792	
13	3337,792	
14	3337,792	
15	3337,792	
16	3337,792	
17	3337,792	
18	3337,792	
19	3337,792	
20	3337,792	
21	3337,792	
22	3337,792	
23	3337,792	
24	3337,792	
25	3337,792	
26	3337,792	
27	3337,792	
28	3337,792	
29	3336,528	
30	3336,528	
31	3334,848	
32	3330	
33	3319,984	
34	3281,424	
35	3281,424	
36	3281,424	
37	3281,424	
38	3281,424	
39	3281,424	
40	3281,424	
41	3281,424	
42	3281,424	
43	3281,424	
44	3281,424	
45	3281,424	
46	3281,424	
47	3281,424	
48	3281,424	
49	3281,424	
50	3280,4	
51	3280,4	
52	3276,832	
53	3276,832	
54	3276,832	
55	3200,08	
56	3169,856	
57	3149,68	
58	3093,072	
59	3093,072	
60	3093,072	
61	3093,072	
62	3093,072	
63	3063,792	
64	3056,976	
65	3048,512	
66	3028,608	
67	2999,536	
68	2943,856	
69	2943,856	
70	2943,856	
71	2910,176	
72	2909,984	
73	2906,464	
74	2906,464	
75	2895,984	
76	2887,536	
77	2887,536	
78	2885,2	
79	2885,2	
80	2885,2	
81	2885,2	
82	2885,2	
83	2885,2	
84	2885,2	
85	2885,2	
86	2885,2	
87	2885,2	
88	2885,2	
89	2885,2	
90	2881,264	
91	2878,32	
92	2875,04	
93	2859,04	
94	2850,24	
95	2844,864	
96	2810,112	
97	2796,8	
98	2795,552	
99	2795,552	
100	2788,992	
--- Max Fitness ---	
5593,808	
--- Avg Fitness ---	
1119,899136	
--- ELITES ---	
1	5864,416	
2	5864,416	
3	5816,096	
4	5593,808	
5	5593,808	
6	3716,592	
7	3716,592	
8	3691,52	
9	3659,088	
10	3659,088	
11	3656,48	
12	3656,48	
13	3656,48	
14	3656,48	
15	3655,712	
16	3655,712	
17	3655,712	
18	3655,712	
19	3655,712	
20	3655,712	
21	3655,712	
22	3544,544	
23	3518,128	
24	3456,896	
25	3428,192	
26	3428,192	
27	3403,056	
28	3357,568	
29	3357,568	
30	3357,568	
31	3357,568	
32	3357,568	
33	3337,792	
34	3337,792	
35	3337,792	
36	3337,792	
37	3337,792	
38	3337,792	
39	3337,792	
40	3337,792	
41	3337,792	
42	3337,792	
43	3337,792	
44	3337,792	
45	3337,792	
46	3337,792	
47	3337,792	
48	3337,792	
49	3337,792	
50	3337,792	
51	3337,792	
52	3337,792	
53	3337,792	
54	3337,792	
55	3337,792	
56	3337,792	
57	3337,792	
58	3337,792	
59	3337,792	
60	3337,792	
61	3337,792	
62	3337,792	
63	3337,792	
64	3337,792	
65	3337,792	
66	3337,792	
67	3337,792	
68	3337,792	
69	3337,792	
70	3337,792	
71	3337,792	
72	3337,792	
73	3337,792	
74	3337,792	
75	3337,792	
76	3337,792	
77	3337,792	
78	3337,792	
79	3337,792	
80	3337,616	
81	3336,528	
82	3336,528	
83	3336,528	
84	3336,528	
85	3336,528	
86	3336,528	
87	3336,528	
88	3336,528	
89	3336,528	
90	3336,528	
91	3336,528	
92	3334,848	
93	3330	
94	3330	
95	3330	
96	3330	
97	3329,024	
98	3328,832	
99	3328,832	
100	3328,832	
--- Max Fitness ---	
5864,416	
--- Avg Fitness ---	
1298,421568	
--- ELITES ---	
1	7006,432	
2	6833,952	
3	6446,88	
4	6153,152	
5	6153,152	
6	5864,416	
7	5864,416	
8	5864,416	
9	5816,096	
10	5816,096	
11	5593,808	
12	5593,808	
13	5249,744	
14	5105,28	
15	3884,384	
16	3716,592	
17	3716,592	
18	3716,592	
19	3691,52	
20	3670,848	
21	3659,088	
22	3659,088	
23	3656,48	
24	3656,48	
25	3656,48	
26	3656,48	
27	3656,48	
28	3656,48	
29	3656,48	
30	3656,48	
31	3656,48	
32	3656,48	
33	3656,48	
34	3655,712	
35	3655,712	
36	3655,712	
37	3655,712	
38	3655,712	
39	3655,712	
40	3655,712	
41	3655,712	
42	3655,712	
43	3655,712	
44	3655,712	
45	3655,712	
46	3655,712	
47	3618,736	
48	3618,736	
49	3618,288	
50	3581,232	
51	3544,544	
52	3544,544	
53	3518,128	
54	3488,32	
55	3473,84	
56	3465,04	
57	3456,896	
58	3456,896	
59	3456,896	
60	3428,192	
61	3428,192	
62	3422,656	
63	3403,056	
64	3386,544	
65	3359,072	
66	3357,92	
67	3357,568	
68	3357,568	
69	3357,568	
70	3357,568	
71	3357,568	
72	3350	
73	3350	
74	3350	
75	3347,728	
76	3346,912	
77	3345,984	
78	3342,832	
79	3342,832	
80	3337,792	
81	3337,792	
82	3337,792	
83	3337,792	
84	3337,792	
85	3337,792	
86	3337,792	
87	3337,792	
88	3337,792	
89	3337,792	
90	3337,792	
91	3337,792	
92	3337,792	
93	3337,792	
94	3337,792	
95	3337,792	
96	3337,792	
97	3337,792	
98	3337,792	
99	3337,792	
100	3337,792	
--- Max Fitness ---	
7006,432	
--- Avg Fitness ---	
1357,261376	
--- ELITES ---	
1	7006,432	
2	6997,488	
3	6944,944	
4	6833,952	
5	6833,952	
6	6471,0080000001	
7	6446,88	
8	6446,88	
9	6446,88	
10	6153,152	
11	6153,152	
12	6153,152	
13	6153,152	
14	5868,112	
15	5867,472	
16	5864,416	
17	5864,416	
18	5864,416	
19	5864,416	
20	5864,416	
21	5864,416	
22	5864,416	
23	5864,416	
24	5864,416	
25	5859,696	
26	5816,096	
27	5816,096	
28	5816,096	
29	5593,808	
30	5593,808	
31	5593,808	
32	5249,744	
33	5249,744	
34	5249,744	
35	5105,28	
36	5069,392	
37	4494,4	
38	4379,344	
39	4369,488	
40	3914,288	
41	3884,384	
42	3767,104	
43	3759,552	
44	3759,552	
45	3716,592	
46	3716,592	
47	3716,592	
48	3691,52	
49	3687,648	
50	3687,632	
51	3670,848	
52	3659,088	
53	3659,088	
54	3659,088	
55	3659,088	
56	3659,088	
57	3659,088	
58	3656,48	
59	3656,48	
60	3656,48	
61	3656,48	
62	3656,48	
63	3656,48	
64	3656,48	
65	3656,48	
66	3656,48	
67	3656,48	
68	3656,48	
69	3656,48	
70	3656,48	
71	3656,48	
72	3655,712	
73	3655,712	
74	3655,712	
75	3655,712	
76	3655,712	
77	3655,712	
78	3655,712	
79	3655,712	
80	3655,712	
81	3655,712	
82	3655,712	
83	3655,712	
84	3655,712	
85	3655,712	
86	3655,712	
87	3655,712	
88	3655,712	
89	3655,712	
90	3655,712	
91	3655,712	
92	3655,712	
93	3655,712	
94	3655,712	
95	3655,712	
96	3655,712	
97	3655,712	
98	3655,712	
99	3655,712	
100	3651,328	
--- Max Fitness ---	
7006,432	
--- Avg Fitness ---	
1462,3876	
--- ELITES ---	
1	7006,432	
2	6997,488	
3	6944,944	
4	6912,72	
5	6833,952	
6	6833,952	
7	6772,56	
8	6765,2	
9	6471,0080000001	
10	6471,0080000001	
11	6471,0080000001	
12	6471,0080000001	
13	6465,8880000001	
14	6446,88	
15	6446,88	
16	6446,88	
17	6446,88	
18	6446,88	
19	6446,88	
20	6446,88	
21	6446,88	
22	6381,712	
23	6153,152	
24	6153,152	
25	6153,152	
26	6153,152	
27	6153,152	
28	6153,152	
29	6153,152	
30	5868,112	
31	5868,112	
32	5867,472	
33	5864,416	
34	5864,416	
35	5864,416	
36	5864,416	
37	5864,416	
38	5864,416	
39	5864,416	
40	5864,416	
41	5864,416	
42	5864,416	
43	5864,416	
44	5864,416	
45	5864,416	
46	5864,416	
47	5864,384	
48	5859,696	
49	5859,696	
50	5859,696	
51	5859,696	
52	5816,096	
53	5816,096	
54	5816,096	
55	5816,096	
56	5816,096	
57	5816,096	
58	5781,888	
59	5593,808	
60	5593,808	
61	5593,808	
62	5593,808	
63	5593,808	
64	5593,808	
65	5593,808	
66	5593,808	
67	5593,808	
68	5593,808	
69	5249,744	
70	5249,744	
71	5249,744	
72	5132,768	
73	5105,28	
74	5069,392	
75	5069,392	
76	4494,4	
77	4494,4	
78	4492	
79	4385,68	
80	4379,344	
81	4379,344	
82	4369,488	
83	4369,488	
84	4150,224	
85	4031,984	
86	3933,792	
87	3914,288	
88	3895,088	
89	3884,384	
90	3862,64	
91	3767,104	
92	3759,552	
93	3759,552	
94	3759,552	
95	3716,592	
96	3716,592	
97	3716,592	
98	3716,592	
99	3691,52	
100	3687,648	
--- Max Fitness ---	
7006,432	
--- Avg Fitness ---	
1608,3108	
--- ELITES ---	
1	7006,432	
2	6997,856	
3	6997,488	
4	6953,104	
5	6944,944	
6	6912,72	
7	6866,6720000001	
8	6866,6720000001	
9	6833,952	
10	6833,952	
11	6810,464	
12	6773,76	
13	6772,56	
14	6772,56	
15	6772,56	
16	6772,56	
17	6772,56	
18	6772,56	
19	6765,2	
20	6765,2	
21	6711,648	
22	6711,648	
23	6711,648	
24	6711,648	
25	6486,592	
26	6471,0080000001	
27	6471,0080000001	
28	6471,0080000001	
29	6471,0080000001	
30	6471,0080000001	
31	6471,0080000001	
32	6471,0080000001	
33	6471,0080000001	
34	6471,0080000001	
35	6471,0080000001	
36	6471,0080000001	
37	6465,8880000001	
38	6465,8880000001	
39	6465,8880000001	
40	6465,8880000001	
41	6453,872	
42	6453,872	
43	6446,88	
44	6446,88	
45	6446,88	
46	6446,88	
47	6446,88	
48	6446,88	
49	6446,88	
50	6446,88	
51	6446,88	
52	6446,88	
53	6446,88	
54	6381,712	
55	6381,712	
56	6354,064	
57	6261,696	
58	6153,152	
59	6153,152	
60	6153,152	
61	6153,152	
62	6153,152	
63	6153,152	
64	6153,152	
65	6153,152	
66	6153,152	
67	6153,152	
68	6153,152	
69	6153,152	
70	6153,152	
71	5868,112	
72	5868,112	
73	5867,472	
74	5867,472	
75	5864,416	
76	5864,416	
77	5864,416	
78	5864,416	
79	5864,416	
80	5864,416	
81	5864,416	
82	5864,416	
83	5864,416	
84	5864,416	
85	5864,416	
86	5864,416	
87	5864,416	
88	5864,416	
89	5864,416	
90	5864,416	
91	5864,416	
92	5864,416	
93	5864,416	
94	5864,416	
95	5864,416	
96	5864,416	
97	5864,416	
98	5864,416	
99	5864,384	
100	5864,384	
--- Max Fitness ---	
7006,432	
--- Avg Fitness ---	
1778,126064	
--- ELITES ---	
1	7023,456	
2	7006,432	
3	7006,432	
4	7006,432	
5	6997,856	
6	6997,856	
7	6997,488	
8	6953,104	
9	6944,944	
10	6912,72	
11	6874,4	
12	6866,6720000001	
13	6866,6720000001	
14	6849,712	
15	6849,712	
16	6849,712	
17	6833,952	
18	6833,952	
19	6830,176	
20	6830,176	
21	6815,072	
22	6810,464	
23	6810,464	
24	6810,464	
25	6810,464	
26	6810,464	
27	6810,464	
28	6783,008	
29	6775,568	
30	6773,76	
31	6773,76	
32	6772,56	
33	6772,56	
34	6772,56	
35	6772,56	
36	6772,56	
37	6772,56	
38	6772,56	
39	6765,2	
40	6765,2	
41	6765,2	
42	6735,408	
43	6719,536	
44	6711,648	
45	6711,648	
46	6711,648	
47	6711,648	
48	6711,648	
49	6711,648	
50	6711,648	
51	6711,648	
52	6711,648	
53	6520,672	
54	6516,592	
55	6486,592	
56	6471,0080000001	
57	6471,0080000001	
58	6471,0080000001	
59	6471,0080000001	
60	6471,0080000001	
61	6471,0080000001	
62	6471,0080000001	
63	6471,0080000001	
64	6471,0080000001	
65	6471,0080000001	
66	6471,0080000001	
67	6471,0080000001	
68	6471,0080000001	
69	6471,0080000001	
70	6471,0080000001	
71	6471,0080000001	
72	6471,0080000001	
73	6471,0080000001	
74	6471,0080000001	
75	6471,0080000001	
76	6465,8880000001	
77	6465,8880000001	
78	6465,8880000001	
79	6465,8880000001	
80	6465,8880000001	
81	6465,8880000001	
82	6465,8880000001	
83	6465,8880000001	
84	6465,8880000001	
85	6453,872	
86	6453,872	
87	6453,872	
88	6453,872	
89	6453,872	
90	6446,88	
91	6446,88	
92	6446,88	
93	6446,88	
94	6446,88	
95	6446,88	
96	6446,88	
97	6446,88	
98	6446,88	
99	6446,88	
100	6446,88	
--- Max Fitness ---	
7023,456	
--- Avg Fitness ---	
2064,290672	
--- ELITES ---	
1	7031,04	
2	7023,456	
3	7006,432	
4	7006,432	
5	7006,432	
6	7006,432	
7	7006,192	
8	6997,856	
9	6997,856	
10	6997,856	
11	6997,856	
12	6997,488	
13	6987,744	
14	6977,376	
15	6953,104	
16	6953,104	
17	6946,336	
18	6944,944	
19	6912,72	
20	6874,4	
21	6866,6720000001	
22	6866,6720000001	
23	6849,712	
24	6849,712	
25	6849,712	
26	6849,712	
27	6843,392	
28	6833,952	
29	6833,952	
30	6830,176	
31	6830,176	
32	6815,072	
33	6810,464	
34	6810,464	
35	6810,464	
36	6810,464	
37	6810,464	
38	6810,464	
39	6810,464	
40	6810,464	
41	6810,464	
42	6783,008	
43	6775,568	
44	6773,76	
45	6773,76	
46	6773,76	
47	6772,56	
48	6772,56	
49	6772,56	
50	6772,56	
51	6772,56	
52	6772,56	
53	6772,56	
54	6772,56	
55	6772,56	
56	6772,56	
57	6772,56	
58	6772,56	
59	6765,2	
60	6765,2	
61	6765,2	
62	6735,408	
63	6735,408	
64	6735,408	
65	6735,408	
66	6735,408	
67	6735,408	
68	6735,408	
69	6735,408	
70	6719,536	
71	6716,496	
72	6711,648	
73	6711,648	
74	6711,648	
75	6711,648	
76	6711,648	
77	6711,648	
78	6711,648	
79	6711,648	
80	6711,648	
81	6711,648	
82	6711,648	
83	6711,648	
84	6711,648	
85	6711,648	
86	6711,648	
87	6711,648	
88	6711,648	
89	6711,648	
90	6704,752	
91	6677,6	
92	6677,6	
93	6677,6	
94	6677,6	
95	6677,6	
96	6677,6	
97	6640,352	
98	6592,272	
99	6555,76	
100	6520,672	
--- Max Fitness ---	
7031,04	
--- Avg Fitness ---	
2110,712016	
--- ELITES ---	
1	7036,512	
2	7031,04	
3	7023,456	
4	7009,936	
5	7006,432	
6	7006,432	
7	7006,432	
8	7006,432	
9	7006,432	
10	7006,192	
11	6997,856	
12	6997,856	
13	6997,856	
14	6997,856	
15	6997,488	
16	6994,144	
17	6988,608	
18	6987,744	
19	6977,376	
20	6962,912	
21	6953,104	
22	6953,104	
23	6953,104	
24	6946,336	
25	6944,944	
26	6917,12	
27	6912,72	
28	6896,1920000001	
29	6874,4	
30	6866,6720000001	
31	6866,6720000001	
32	6849,712	
33	6849,712	
34	6849,712	
35	6849,712	
36	6849,712	
37	6849,712	
38	6849,712	
39	6849,712	
40	6849,712	
41	6849,712	
42	6849,712	
43	6849,712	
44	6843,392	
45	6843,392	
46	6833,952	
47	6833,952	
48	6830,176	
49	6830,176	
50	6815,072	
51	6810,464	
52	6810,464	
53	6810,464	
54	6810,464	
55	6810,464	
56	6810,464	
57	6810,464	
58	6810,464	
59	6810,464	
60	6810,464	
61	6810,464	
62	6810,464	
63	6810,464	
64	6810,464	
65	6810,464	
66	6810,464	
67	6810,464	
68	6810,464	
69	6810,464	
70	6810,464	
71	6810,464	
72	6783,008	
73	6783,008	
74	6775,568	
75	6773,76	
76	6773,76	
77	6773,76	
78	6773,76	
79	6772,56	
80	6772,56	
81	6772,56	
82	6772,56	
83	6772,56	
84	6772,56	
85	6772,56	
86	6772,56	
87	6772,56	
88	6772,56	
89	6772,56	
90	6772,56	
91	6772,56	
92	6765,2	
93	6765,2	
94	6765,2	
95	6735,408	
96	6735,408	
97	6735,408	
98	6735,408	
99	6735,408	
100	6735,408	
--- Max Fitness ---	
7036,512	
--- Avg Fitness ---	
2117,22	
--- ELITES ---	
1	7036,512	
2	7031,04	
3	7023,456	
4	7020,688	
5	7009,936	
6	7009,936	
7	7006,432	
8	7006,432	
9	7006,432	
10	7006,432	
11	7006,432	
12	7006,432	
13	7006,432	
14	7006,192	
15	6997,856	
16	6997,856	
17	6997,856	
18	6997,856	
19	6997,856	
20	6997,488	
21	6994,144	
22	6988,608	
23	6988,608	
24	6988,608	
25	6987,744	
26	6977,376	
27	6962,912	
28	6962,912	
29	6953,104	
30	6953,104	
31	6953,104	
32	6953,104	
33	6953,104	
34	6946,336	
35	6946,192	
36	6944,944	
37	6944,944	
38	6944,944	
39	6944,944	
40	6917,12	
41	6912,72	
42	6901,7120000001	
43	6896,1920000001	
44	6874,4	
45	6866,6720000001	
46	6866,6720000001	
47	6849,712	
48	6849,712	
49	6849,712	
50	6849,712	
51	6849,712	
52	6849,712	
53	6849,712	
54	6849,712	
55	6849,712	
56	6849,712	
57	6849,712	
58	6849,712	
59	6849,712	
60	6849,712	
61	6849,712	
62	6849,712	
63	6849,712	
64	6849,712	
65	6849,712	
66	6849,712	
67	6849,712	
68	6849,712	
69	6849,712	
70	6849,712	
71	6849,712	
72	6849,712	
73	6849,712	
74	6849,712	
75	6843,392	
76	6843,392	
77	6843,392	
78	6833,952	
79	6833,952	
80	6833,952	
81	6833,952	
82	6830,176	
83	6830,176	
84	6830,176	
85	6815,072	
86	6810,464	
87	6810,464	
88	6810,464	
89	6810,464	
90	6810,464	
91	6810,464	
92	6810,464	
93	6810,464	
94	6810,464	
95	6810,464	
96	6810,464	
97	6810,464	
98	6810,464	
99	6810,464	
100	6810,464	
--- Max Fitness ---	
7036,512	
--- Avg Fitness ---	
2079,868288	
--- ELITES ---	
1	7036,512	
2	7031,04	
3	7031,04	
4	7023,456	
5	7020,688	
6	7020,688	
7	7015,04	
8	7009,936	
9	7009,936	
10	7006,432	
11	7006,432	
12	7006,432	
13	7006,432	
14	7006,432	
15	7006,432	
16	7006,432	
17	7006,432	
18	7006,432	
19	7006,192	
20	7004,768	
21	6997,856	
22	6997,856	
23	6997,856	
24	6997,856	
25	6997,856	
26	6997,488	
27	6994,144	
28	6988,608	
29	6988,608	
30	6988,608	
31	6987,744	
32	6977,376	
33	6977,376	
34	6965,008	
35	6962,912	
36	6962,912	
37	6953,104	
38	6953,104	
39	6953,104	
40	6953,104	
41	6953,104	
42	6953,104	
43	6953,104	
44	6953,104	
45	6953,104	
46	6951,904	
47	6951,52	
48	6946,336	
49	6944,944	
50	6944,944	
51	6944,944	
52	6944,944	
53	6944,944	
54	6917,12	
55	6912,72	
56	6901,7120000001	
57	6901,7120000001	
58	6901,7120000001	
59	6901,7120000001	
60	6901,7120000001	
61	6896,1920000001	
62	6896,1920000001	
63	6876,1120000001	
64	6874,4	
65	6866,6720000001	
66	6866,6720000001	
67	6866,6720000001	
68	6866,6720000001	
69	6866,6720000001	
70	6866,6720000001	
71	6866,6720000001	
72	6860,576	
73	6849,712	
74	6849,712	
75	6849,712	
76	6849,712	
77	6849,712	
78	6849,712	
79	6849,712	
80	6849,712	
81	6849,712	
82	6849,712	
83	6849,712	
84	6849,712	
85	6849,712	
86	6849,712	
87	6849,712	
88	6849,712	
89	6849,712	
90	6849,712	
91	6849,712	
92	6849,712	
93	6849,712	
94	6849,712	
95	6849,712	
96	6849,712	
97	6849,712	
98	6849,712	
99	6849,712	
100	6849,712	
--- Max Fitness ---	
7036,512	
--- Avg Fitness ---	
2137,648848	
--- ELITES ---	
1	7036,512	
2	7031,04	
3	7031,04	
4	7023,456	
5	7020,688	
6	7020,688	
7	7015,04	
8	7009,936	
9	7009,936	
10	7006,432	
11	7006,432	
12	7006,432	
13	7006,432	
14	7006,432	
15	7006,432	
16	7006,432	
17	7006,432	
18	7006,432	
19	7006,432	
20	7006,432	
21	7006,432	
22	7006,192	
23	7004,768	
24	7000,64	
25	6997,856	
26	6997,856	
27	6997,856	
28	6997,856	
29	6997,856	
30	6997,856	
31	6997,856	
32	6997,856	
33	6997,856	
34	6997,856	
35	6997,488	
36	6994,144	
37	6994,144	
38	6988,608	
39	6988,608	
40	6988,608	
41	6987,744	
42	6977,376	
43	6977,376	
44	6965,008	
45	6962,912	
46	6962,912	
47	6962,912	
48	6962,912	
49	6962,912	
50	6962,912	
51	6953,104	
52	6953,104	
53	6953,104	
54	6953,104	
55	6953,104	
56	6953,104	
57	6953,104	
58	6953,104	
59	6953,104	
60	6953,104	
61	6953,104	
62	6951,904	
63	6951,52	
64	6946,944	
65	6946,336	
66	6945,184	
67	6944,944	
68	6944,944	
69	6944,944	
70	6944,944	
71	6944,944	
72	6944,944	
73	6944,944	
74	6944,944	
75	6933,072	
76	6926,448	
77	6926,448	
78	6926,448	
79	6926,448	
80	6917,12	
81	6912,72	
82	6901,7120000001	
83	6901,7120000001	
84	6901,7120000001	
85	6901,7120000001	
86	6901,7120000001	
87	6901,7120000001	
88	6901,7120000001	
89	6901,7120000001	
90	6896,1920000001	
91	6896,1920000001	
92	6896,1920000001	
93	6876,1120000001	
94	6876,1120000001	
95	6874,4	
96	6866,6720000001	
97	6866,6720000001	
98	6866,6720000001	
99	6866,6720000001	
100	6866,6720000001	
--- Max Fitness ---	
7036,512	
--- Avg Fitness ---	
2227,124448	
